TILEMAP
36 28 							-- Size of tile map in tiles
16 32 							-- Tile size & block size
images/blocks.png 	-- Tilesheet
2 2 								-- Number of tiles in tilesheet
222222222222222222222222222222222222
22                                22
22                                22
22                                22
22                                22
22                                22
22                                22
2222                            2222
22                                22
22                                22
22                                22
22                                22
2222   2222   33   44    2222   2222
22                                22
22                                22
22              222               22
22                                22
2222   222  22       22   222   2222
22            22   22             22
22             22222              22
22                                22
22                                22
2222   2222222222222222222222   2222
22                                22
22                                22
22                                22
22                                22
222222222222222222222222222222222222

